AN_pop:
  driven: 33.10081642129466
  overall: 14.009357413474227
  spontaneous: 29.751210072099877
I2_pop:
  driven: 91.60909246662489
  overall: 17.735498165646533
  spontaneous: 92.91665705769512
P_pop:
  driven: 135.53382819096296
  overall: 17.04031917572405
  spontaneous: 138.23694171150777
W_pop:
  driven: 0.0
  overall: 6.27781909371308
  spontaneous: 0.0
