AN_pop:
  driven: 69.48147218405667
  overall: 22.991151227132054
  spontaneous: 69.10719190854086
I2_pop:
  driven: 0.0
  overall: 0.0
  spontaneous: 0.0
P_pop:
  driven: 69.38175620081032
  overall: 29.389576938702717
  spontaneous: 69.3099924859615
W_pop:
  driven: 0.0
  overall: 0.0
  spontaneous: 0.0
