P_pop: 46.092983341800554
vecstim_NSA: 39.078833702830906
