AN_pop: 35.40552027603276
I2_pop: 0.0
P_pop: 40.73953697687066
W_pop: 0.0
