P_pop: 47.542762647950035
vecstim_NSA: 41.341532737347855
