AN_pop:
  driven: 82.9689070226214
  overall: 81.3311567865233
  spontaneous: 82.69132594708047
I2_pop:
  driven: 0.0
  overall: 0.0
  spontaneous: 0.0
P_pop:
  driven: 83.26052110662309
  overall: 81.57190036309267
  spontaneous: 82.59986102726259
W_pop:
  driven: 0.0
  overall: 0.0
  spontaneous: 0.0
