AN_pop: 26.877593879708378
I2_pop: 0.0
P_pop: 27.050102505139744
W_pop: 0.0
