AN_pop: 4.002700135008894
I2_pop: 0.0
P_pop: 0.06250312515629129
W_pop: 61.48807440375312
