P_pop: 28.357420516519333
vecstim_NSA: 41.09589506215853
