AN_pop:
  driven: 35.37556749223508
  overall: 23.131600575094435
  spontaneous: 36.95259496311111
I2_pop:
  driven: 0.0
  overall: 0.0
  spontaneous: 0.0
P_pop:
  driven: 41.12835427493305
  overall: 29.319135637140302
  spontaneous: 40.53476175432605
W_pop:
  driven: 0.0
  overall: .nan
  spontaneous: 0.0
