AN_pop:
  driven: 36.0156955958322
  overall: 24.043526413281153
  spontaneous: 37.748166472381435
I2_pop:
  driven: 0.0
  overall: 0.0
  spontaneous: 0.0
P_pop:
  driven: 41.67647560661846
  overall: 30.12713187926816
  spontaneous: 40.356543248204815
W_pop:
  driven: 0.0
  overall: .nan
  spontaneous: 0.0
