AN_pop: 0.0
I2_pop: 0.0
P_pop: 40.62976130017389
W_pop: 0.0
vecstim_NSA: 25.39360081260868
