AN_pop:
  driven: 0.3741274141329265
  overall: 0.3956540964904752
  spontaneous: 0.0
I2_pop:
  driven: 0.0
  overall: 0.0
  spontaneous: 0.0
P_pop:
  driven: 0.0
  overall: 0.0
  spontaneous: 0.0
W_pop:
  driven: 0.0
  overall: 0.0
  spontaneous: 0.0
