AN_pop: 0.0
I2_pop: 0.0
P_pop: 51.1508951406923
W_pop: 0.0
vecstim_NSA: 37.10947294520814
