AN_pop: 35.40552027603276
I2_pop: 2.347617380870301
P_pop: 2.22511125556397
W_pop: 0.0
