P_pop: 44.17797412435225
vecstim_NSA: 37.86683496373049
