AN_pop: 0.0
I2_pop: 0.0
P_pop: 37.63987792474017
W_pop: 0.0
vecstim_NSA: 23.397761953216857
