AN_pop: 44.263463173182366
I2_pop: 0.0
P_pop: 44.29346467325738
W_pop: 0.0
