AN_pop:
  driven: 32.654755855753194
  overall: 13.930333390143437
  spontaneous: 29.751210072099877
I2_pop:
  driven: 0.0
  overall: 0.0
  spontaneous: 0.0
P_pop:
  driven: 41.12835427493305
  overall: 29.319135637140302
  spontaneous: 40.53476175432605
W_pop:
  driven: 0.0
  overall: 6.462819631376414
  spontaneous: 0.0
