AN_pop:
  driven: 36.90909652503317
  overall: 25.83209754398762
  spontaneous: 37.77079428129811
I2_pop:
  driven: 0.0
  overall: 0.0
  spontaneous: 0.0
P_pop:
  driven: 41.67647560661846
  overall: 30.12713187926816
  spontaneous: 40.356543248204815
W_pop:
  driven: 0.0
  overall: .nan
  spontaneous: 0.0
