AN_pop:
  driven: 32.902619599015324
  overall: 13.9755063486268
  spontaneous: 29.751210072099877
I2_pop:
  driven: 59.30746002838877
  overall: 18.84700671827556
  spontaneous: 105.91703403251343
P_pop:
  driven: 148.96391232835092
  overall: 17.26260301119394
  spontaneous: 120.92706006615578
W_pop:
  driven: 0.19474196689404275
  overall: 6.686681119312924
  spontaneous: 0.0
