AN_pop:
  driven: 35.90268608056012
  overall: 19.562530622437652
  spontaneous: 35.10904526219537
I2_pop:
  driven: 0.0
  overall: 0.0
  spontaneous: 0.0
P_pop:
  driven: 36.64881182333623
  overall: 23.34239856178875
  spontaneous: 35.79013555689567
W_pop:
  driven: 0.0
  overall: 1.4307175048294218
  spontaneous: 0.0
