AN_pop:
  driven: 32.654755855753194
  overall: 13.930333390143437
  spontaneous: 29.751210072099877
I2_pop:
  driven: 82.57984398880497
  overall: 16.882544119842116
  spontaneous: 68.47577609621118
P_pop:
  driven: 180.83263861756654
  overall: 16.234805291574006
  spontaneous: 144.01896880454348
W_pop:
  driven: 0.5516040408263182
  overall: 6.296151176242968
  spontaneous: 0.0
