P_pop: 49.22149673533518
vecstim_NSA: 48.216976393797715
