AN_pop:
  driven: 32.245645268298134
  overall: 13.89783731603428
  spontaneous: 29.46817878101608
I2_pop:
  driven: 10.096515564370318
  overall: 6.760179875146467
  spontaneous: 5.7072003296198055
P_pop:
  driven: 5.270771652776649
  overall: 6.11938429884573
  spontaneous: 7.626470419000784
W_pop:
  driven: 0.01719527817662834
  overall: 5.768552011913975
  spontaneous: 0.054185270276177415
