AN_pop: 46.39606980351502
I2_pop: 0.0
P_pop: 46.40607030354002
W_pop: 0.0
