P_pop: 22.063985558130334
vecstim_NSA: 21.061077123669868
