P_pop: 52.999031748486445
vecstim_NSA: 46.88375885443032
