P_pop: 42.25564666232948
vecstim_NSA: 27.164344282926102
