AN_pop: 65.4945247262714
I2_pop: 0.0
P_pop: 65.49077453876201
W_pop: 0.0
