AN_pop:
  driven: 32.45828196969014
  overall: 15.80474170442104
  spontaneous: 34.904832860363165
I2_pop:
  driven: 0.0
  overall: 0.0
  spontaneous: 0.0
P_pop:
  driven: 41.12835427493305
  overall: 29.319135637140302
  spontaneous: 40.53476175432605
W_pop:
  driven: 0.0
  overall: 23.949426541421982
  spontaneous: 0.0
