AN_pop: 40.18825941299217
I2_pop: 0.0
P_pop: 40.258262913167215
W_pop: 0.0
