AN_pop:
  driven: 67.08390786155985
  overall: 33.2926552623809
  spontaneous: 68.30017872849918
I2_pop:
  driven: 0.0
  overall: 0.0
  spontaneous: 0.0
P_pop:
  driven: 65.92545733239399
  overall: 38.820179296928565
  spontaneous: 64.94877077578273
W_pop:
  driven: 0.0
  overall: 0.0
  spontaneous: 0.0
