AN_pop: 40.957047852414554
I2_pop: 0.0
P_pop: 41.05330266515524
W_pop: 0.0
