AN_pop:
  driven: 32.73551047631911
  overall: 13.985652285654956
  spontaneous: 29.46817878101608
I2_pop:
  driven: 7.299970577782747
  overall: 6.23290959183187
  spontaneous: 4.489263508627121
P_pop:
  driven: 4.996124857210686
  overall: 5.476199584715718
  spontaneous: 7.1641625114030205
W_pop:
  driven: 0.0
  overall: 10.310613566197178
  spontaneous: 0.0
