AN_pop: 39.45447272365731
I2_pop: 0.0
P_pop: 39.455722786160436
W_pop: 0.0
