P_pop: 64.47862905249727
vecstim_NSA: 52.11204088793688
