AN_pop: 63.29816490827931
I2_pop: 0.0
P_pop: 63.235661783123014
W_pop: 0.0
