AN_pop:
  driven: 36.35942221954948
  overall: 22.294951357014796
  spontaneous: 37.256003480917386
I2_pop:
  driven: 0.0
  overall: 0.0
  spontaneous: 0.0
P_pop:
  driven: 41.12835427493305
  overall: 29.319135637140302
  spontaneous: 40.53476175432605
W_pop:
  driven: 0.0
  overall: .nan
  spontaneous: 0.0
