P_pop: 38.01879818356588
vecstim_NSA: 23.233710001068037
