AN_pop:
  driven: 67.05411693731766
  overall: 34.64778619409913
  spontaneous: 67.50996942716625
I2_pop:
  driven: 0.0
  overall: 0.0
  spontaneous: 0.0
P_pop:
  driven: 64.00793215968928
  overall: 40.10940699190507
  spontaneous: 64.6188724059485
W_pop:
  driven: 0.0
  overall: 0.0
  spontaneous: 0.0
