AN_pop: 39.84324216212944
I2_pop: 0.0
P_pop: 39.909495474795115
W_pop: 0.0
