AN_pop:
  driven: 66.57915717745772
  overall: 35.9977941716818
  spontaneous: 67.60424290496454
I2_pop:
  driven: 0.0
  overall: 0.0
  spontaneous: 0.0
P_pop:
  driven: 64.18511803960152
  overall: 41.38796985312658
  spontaneous: 65.04498962335508
W_pop:
  driven: 0.0
  overall: 0.0
  spontaneous: 0.0
