AN_pop: 38.6744337217068
I2_pop: 0.0
P_pop: 38.69193459675055
W_pop: 0.0
