AN_pop: 53.74643732189488
I2_pop: 0.0
P_pop: 53.60018000902915
W_pop: 0.0
