P_pop: 39.03344995193109
vecstim_NSA: 33.23495706414825
