P_pop: 41.98584929248711
vecstim_NSA: 36.00180009002378
