P_pop: 40.49607694256769
vecstim_NSA: 35.43406732474673
