AN_pop:
  driven: 36.85035932576742
  overall: 21.375732123356087
  spontaneous: 36.71309060541295
I2_pop:
  driven: 0.0
  overall: 0.0
  spontaneous: 0.0
P_pop:
  driven: 37.84796851354077
  overall: 25.052830926034513
  spontaneous: 39.2024411784367
W_pop:
  driven: 0.0
  overall: .nan
  spontaneous: 0.0
