AN_pop:
  driven: 1.6843569048456095
  overall: 1.7611129788628617
  spontaneous: 0.0
I2_pop:
  driven: 0.0
  overall: 0.0
  spontaneous: 0.0
P_pop:
  driven: 0.0
  overall: 0.0
  spontaneous: 0.0
W_pop:
  driven: 0.0
  overall: 0.0
  spontaneous: 0.0
