AN_pop: 41.84459222963389
I2_pop: 0.0
P_pop: 41.889594479746414
W_pop: 0.0
