P_pop: 56.26886285746481
vecstim_NSA: 51.153511688604375
