AN_pop: 26.49382469124875
I2_pop: 0.0
P_pop: 26.692584629245758
W_pop: 0.0
