AN_pop: 50.64878243914908
I2_pop: 0.0
P_pop: 50.63128156410532
W_pop: 0.0
