P_pop: 50.30773347607594
vecstim_NSA: 34.252073856051695
