AN_pop:
  driven: 32.50977546380123
  overall: 13.896159636274861
  spontaneous: 29.751210072099877
I2_pop:
  driven: 100.1979053969839
  overall: 16.22111127730619
  spontaneous: 66.58875918475457
P_pop:
  driven: 131.42156437055738
  overall: 16.39516204565406
  spontaneous: 155.5543108951213
W_pop:
  driven: 0.0
  overall: 5.678861533330469
  spontaneous: 0.0
