AN_pop: 43.01090054505028
I2_pop: 0.0
P_pop: 43.08340417023159
W_pop: 0.0
