AN_pop:
  driven: 35.37556749223508
  overall: 23.131600575094435
  spontaneous: 36.95259496311111
I2_pop:
  driven: 0.0
  overall: 0.0
  spontaneous: 0.0
P_pop:
  driven: 39.54548421862286
  overall: 26.737422346618697
  spontaneous: 39.892846301675995
W_pop:
  driven: 0.0
  overall: .nan
  spontaneous: 0.0
