AN_pop: 44.29596479826363
I2_pop: 0.0
P_pop: 44.41722086106684
W_pop: 0.0
