AN_pop: 55.41152057605847
I2_pop: 0.0
P_pop: 55.31901595082717
W_pop: 0.0
