AN_pop:
  driven: 65.3380686558145
  overall: 18.848823678782086
  spontaneous: 66.27222262791881
I2_pop:
  driven: 0.0
  overall: 0.0
  spontaneous: 0.0
P_pop:
  driven: 69.72377865465567
  overall: 22.098927448567018
  spontaneous: 70.21339084455737
W_pop:
  driven: 5.982268006762408
  overall: 26.247948199231185
  spontaneous: 6.099271911761741
