AN_pop: 61.001800090037165
I2_pop: 0.0
P_pop: 61.06305315269034
W_pop: 0.0
