P_pop: 39.050765995815425
vecstim_NSA: 34.044257534813454
