AN_pop: 27.230111505589868
I2_pop: 0.0
P_pop: 27.413870693549356
W_pop: 0.0
