AN_pop:
  driven: 0.19174662234873974
  overall: 0.20403252034472427
  spontaneous: 0.0
I2_pop:
  driven: 0.0
  overall: 0.0
  spontaneous: 0.0
P_pop:
  driven: 0.0
  overall: 0.0
  spontaneous: 0.0
W_pop:
  driven: 0.0
  overall: 0.0
  spontaneous: 0.0
