AN_pop: 45.36851842594559
I2_pop: 0.0
P_pop: 45.43727186361752
W_pop: 0.0
