AN_pop:
  driven: 28.993022694773433
  overall: 11.348473228391335
  spontaneous: 27.12127477279638
I2_pop:
  driven: 0.0
  overall: 0.0
  spontaneous: 0.0
P_pop:
  driven: 41.12835427493305
  overall: 29.319135637140302
  spontaneous: 40.53476175432605
W_pop:
  driven: 4.1283940271648145
  overall: 5.068820580075275
  spontaneous: 5.595744084658891
