AN_pop: 42.08960448024655
I2_pop: 0.0
P_pop: 42.18085904297473
W_pop: 0.0
