P_pop: 6.03835868326879
vecstim_NSA: 3.220457964410021
