AN_pop: 35.40552027603276
I2_pop: 0.0
P_pop: 40.002000100026414
W_pop: 0.0
vecstim_NSA: 25.001250062516515
