AN_pop:
  driven: 36.35942221954948
  overall: 22.294951357014796
  spontaneous: 37.256003480917386
I2_pop:
  driven: 0.0
  overall: 0.0
  spontaneous: 0.0
P_pop:
  driven: 40.277407738660024
  overall: 28.428703643846553
  spontaneous: 38.59936071484077
W_pop:
  driven: 0.0
  overall: .nan
  spontaneous: 0.0
