AN_pop:
  driven: 32.48713622290047
  overall: 13.900046855099367
  spontaneous: 29.751210072099877
I2_pop:
  driven: 96.29898313715235
  overall: 17.003208588909324
  spontaneous: 93.47920900886241
P_pop:
  driven: 182.35193316702225
  overall: 14.68585240754286
  spontaneous: 154.93115080259346
W_pop:
  driven: 0.32540431486151106
  overall: 4.797207101325975
  spontaneous: 0.0
