P_pop: 43.96547102034298
vecstim_NSA: 34.314513967096964
