AN_pop: 4.00330066013417
I2_pop: 4.025805161034361
P_pop: 4.1070714142850555
W_pop: 4.068313662734725
