AN_pop: 0.0
I2_pop: 0.0
P_pop: 43.21825217349913
W_pop: 0.0
vecstim_NSA: 27.13704206242968
