AN_pop: 43.257162858166076
I2_pop: 0.0
P_pop: 43.313415670806734
W_pop: 0.0
