AN_pop: 51.94884744239994
I2_pop: 0.0
P_pop: 51.98509925499058
W_pop: 0.0
