AN_pop:
  driven: 36.0156955958322
  overall: 24.043526413281153
  spontaneous: 37.748166472381435
I2_pop:
  driven: 0.0
  overall: 0.0
  spontaneous: 0.0
P_pop:
  driven: 40.277407738660024
  overall: 28.428703643846553
  spontaneous: 38.59936071484077
W_pop:
  driven: 0.0
  overall: .nan
  spontaneous: 0.0
