AN_pop:
  driven: 2.9944496093117308
  overall: 3.1271936863244356
  spontaneous: 0.0
I2_pop:
  driven: 0.0
  overall: 0.0
  spontaneous: 0.0
P_pop:
  driven: 0.0
  overall: 0.0
  spontaneous: 0.0
W_pop:
  driven: 0.0
  overall: 0.0
  spontaneous: 0.0
