AN_pop:
  driven: 35.37556749223508
  overall: 23.131600575094435
  spontaneous: 36.95259496311111
I2_pop:
  driven: 0.0
  overall: 0.0
  spontaneous: 0.0
P_pop:
  driven: 40.277407738660024
  overall: 28.428703643846553
  spontaneous: 38.59936071484077
W_pop:
  driven: 0.0
  overall: .nan
  spontaneous: 0.0
