P_pop: 47.85663374404322
vecstim_NSA: 36.656144995437366
