AN_pop:
  driven: 32.631026841041106
  overall: 15.840794999028205
  spontaneous: 34.904832860363165
I2_pop:
  driven: 0.0
  overall: 0.0
  spontaneous: 0.0
P_pop:
  driven: 41.12835427493305
  overall: 29.319135637140302
  spontaneous: 40.53476175432605
W_pop:
  driven: 0.0
  overall: 29.310422484166043
  spontaneous: 0.0
