AN_pop: 0.0
I2_pop: 0.0
P_pop: 40.086185298412985
W_pop: 0.0
vecstim_NSA: 26.05602044396844
