AN_pop:
  driven: 64.7485957902705
  overall: 41.17834279258584
  spontaneous: 65.64612839895275
I2_pop:
  driven: 0.0
  overall: 0.0
  spontaneous: 0.0
P_pop:
  driven: 65.42781446955273
  overall: 46.12806420430901
  spontaneous: 64.69004801056717
W_pop:
  driven: 0.0
  overall: 0.0
  spontaneous: 0.0
