AN_pop: 38.065653282684515
I2_pop: 0.0
P_pop: 38.040652032622
W_pop: 0.0
