AN_pop: 0.0
I2_pop: 0.0
P_pop: 47.05882352943616
W_pop: 0.0
vecstim_NSA: 33.46405228759905
