AN_pop:
  driven: 69.59376481662704
  overall: 27.472802964990628
  spontaneous: 70.25696039190495
I2_pop:
  driven: 0.0
  overall: 0.0
  spontaneous: 0.0
P_pop:
  driven: 65.0421627314472
  overall: 33.63904246139672
  spontaneous: 66.18715977339492
W_pop:
  driven: 0.0
  overall: 0.0
  spontaneous: 0.0
