AN_pop: 49.34496724838884
I2_pop: 0.0
P_pop: 49.287464373245065
W_pop: 0.0
