AN_pop:
  driven: 32.54401333130533
  overall: 13.911105368981673
  spontaneous: 29.751210072099877
I2_pop:
  driven: 78.78479993391855
  overall: 15.553051627644122
  spontaneous: 64.70801539764487
P_pop:
  driven: 149.07248623158802
  overall: 16.590982044163553
  spontaneous: 156.18214333506788
W_pop:
  driven: 0.0
  overall: 7.753932462244556
  spontaneous: 0.0
