AN_pop:
  driven: 64.8136453229411
  overall: 38.707215271724415
  spontaneous: 65.69962683328801
I2_pop:
  driven: 0.0
  overall: 0.0
  spontaneous: 0.0
P_pop:
  driven: 64.98084792817495
  overall: 43.82930084241232
  spontaneous: 65.52535756627582
W_pop:
  driven: 0.0
  overall: 0.0
  spontaneous: 0.0
