P_pop: 40.032025620517814
vecstim_NSA: 25.02001601282364
