AN_pop:
  driven: 31.202547101276526
  overall: 12.991295754573189
  spontaneous: 28.177987455642622
I2_pop:
  driven: 0.0
  overall: 0.0
  spontaneous: 0.0
P_pop:
  driven: 41.12835427493305
  overall: 29.319135637140302
  spontaneous: 40.53476175432605
W_pop:
  driven: 0.31523520513847
  overall: 6.847323701502587
  spontaneous: 0.0
