AN_pop: 0.0
I2_pop: 0.0
P_pop: 34.404249936775166
W_pop: 0.0
vecstim_NSA: 21.24968378447878
