AN_pop: 57.0003500175314
I2_pop: 0.0
P_pop: 57.04035201763143
W_pop: 0.0
